20 30
1.0 1.0 1.0
1.0 1.0 -1.0
1.0 -1.0 1.0
1.0 -1.0 -1.0
-1.0 1.0 1.0
-1.0 1.0 -1.0
-1.0 -1.0 1.0
-1.0 -1.0 -1.0
0.0 0.618034 1.618034
0.0 0.618034 -1.618034
0.0 -0.618034 1.618034
0.0 -0.618034 -1.618034
0.618034 1.618034 0.0
-0.618034 1.618034 0.0
0.618034 -1.618034 0.0
-0.618034 -1.618034 0.0
1.618034 0.0 0.618034
1.618034 0.0 -0.618034
-1.618034 0.0 0.618034
-1.618034 0.0 -0.618034
1 9
1 13
1 17
2 10
2 13
2 18
3 11
3 15
3 17
4 12
4 15
4 18
5 9
5 14
5 19
6 10
6 14
6 20
7 11
7 16
7 19
8 12
8 16
8 20
9 11
10 12
13 14
15 16
17 18
19 20
